D =

         0    2.0968    1.7297    4.5634    6.3701    3.1868
    2.0968         0    0.3682    2.9365    7.6584    5.2488
    1.7297    0.3682         0    3.1640    7.4248    4.8816
    4.5634    2.9365    3.1640         0   10.5866    7.2211
    6.3701    7.6584    7.4248   10.5866         0    6.2161
    3.1868    5.2488    4.8816    7.2211    6.2161         0


D =

         0         0    1.7297    4.5634    6.3701         0
         0         0         0    2.9365    7.6584    5.2488
    1.7297         0         0         0    7.4248    4.8816
    4.5634    2.9365         0         0         0    7.2211
    6.3701    7.6584    7.4248         0         0         0
         0    5.2488    4.8816    7.2211         0         0