>> PARtraveling(216,4,x,y);

Time spent with SA 1.199692 seconds
Time spent without SA 1.273476 seconds

ans =

  732.2476  964.7563
  774.8371  949.6588
  822.3584  905.6826
  772.6216  945.3159



>> PARtraveling(216,8,x,y);

Time spent with SA 2.248346 seconds
Time spent without SA 2.240703 seconds

ans =

   1.0e+03 *

    0.7583    0.9452
    0.7970    1.0092
    0.7979    0.9248
    0.8124    0.9450
    0.7761    0.9950
    0.7267    0.9637
    0.7604    0.9433
    0.7670    0.9693



>> PARtraveling(216,16,x,y);

Time spent with SA 3.045308 seconds
Time spent without SA 3.367285 seconds

ans =

  810.9841  985.0135
  755.3396  939.7884
  786.9590  893.0705
  797.6548  950.2566
  775.8948  969.0120
  738.9637  925.3488
  757.3625  919.5292
  793.0014  890.7270
  794.6899  947.9221
  789.8991  946.4021
  774.6488  877.5499
  809.7766  879.0302
  806.9494  962.4497
  780.1254  963.1494
  752.9553  929.4674
  776.5133  985.0477
