>> PARtraveling(6,4,x,y);

D =

         0         0    1.7297    4.5634    6.3701         0
         0         0         0    2.9365    7.6584    5.2488
    1.7297         0         0         0    7.4248    4.8816
    4.5634    2.9365         0         0         0    7.2211
    6.3701    7.6584    7.4248         0         0         0
         0    5.2488    4.8816    7.2211         0         0

Time spent with SA 1.697881 seconds
Time spent without SA 2.592310 seconds

ans =

    0.0000    0.0000
   -0.0000         0
    0.0000    9.4450
   -0.0000    0.0000



>> PARtraveling(6,8,x,y);

D =

         0         0    1.7297    4.5634    6.3701         0
         0         0         0    2.9365    7.6584    5.2488
    1.7297         0         0         0    7.4248    4.8816
    4.5634    2.9365         0         0         0    7.2211
    6.3701    7.6584    7.4248         0         0         0
         0    5.2488    4.8816    7.2211         0         0

Time spent with SA 2.659874 seconds
Time spent without SA 2.683813 seconds

ans =

   1.0e-14 *

    0.3553         0
         0         0
    0.0888    0.1776
         0    0.1776
    0.2665    0.1776
   -0.0888    0.3553
   -0.0888   -0.1776
         0         0



>> PARtraveling(6,16,x,y);

D =

        0         0    1.7297    4.5634    6.3701         0
        0         0         0    2.9365    7.6584    5.2488
   1.7297         0         0         0    7.4248    4.8816
   4.5634    2.9365         0         0         0    7.2211
   6.3701    7.6584    7.4248         0         0         0
        0    5.2488    4.8816    7.2211         0         0

Time spent with SA 6.084847 seconds
Time spent without SA 6.038509 seconds

ans =

   0.0000   12.2218
  -0.0000    0.0000
   0.0000   12.2218
   0.0000    9.4450
  -0.0000    9.4450
   0.0000   12.2218
   0.0000   12.5400
   0.0000    0.0000
  -0.0000    9.4450
        0         0
   0.0000    9.4450
   0.0000         0
   0.0000   12.2218
  -0.0000    9.4450
   0.0000         0
  -0.0000   12.2218
