>> PARtraveling(36,4,x,y);

Time spent with SA 1.131469 seconds
Time spent without SA 1.185353 seconds

ans =

  140.2447  109.7461
  116.3971  133.6011
  103.3468  154.9469
  122.5866  107.7084



>> PARtraveling(36,8,x,y);

Time spent with SA 2.161275 seconds
Time spent without SA 2.685516 seconds

ans =

  115.2289  111.9845
  131.5093  139.6898
   91.8454  126.9781
  132.7884  120.3712
  109.8141  116.7942
   95.0373  135.4560
   97.6953  136.5655
  121.1720  131.9920



>> PARtraveling(36,16,x,y);

Time spent with SA 4.396453 seconds
Time spent without SA 4.603100 seconds

ans =

  120.2558  152.2235
  104.8319  123.6470
  124.8866  139.3374
  103.0243  141.1355
  130.3117  116.0158
  138.0489  133.6552
  102.4664  129.6032
  101.4442  130.0080
  148.5048  119.1797
  130.9181  141.1389
  100.8427  116.3702
  108.3313  100.5177
   89.7211  148.3092
  113.7444  123.4325
  125.0577  123.1241
   98.1139  144.9677
