>> x

x =

    5.4009    3.3505    3.7149    2.0055    7.4454    8.5868

>> y

y =

    6.6263    7.0649    7.0129    9.6753    0.5932    6.7036